"
a better cursor similar to Windows vista
"
Class {
	#name : #VistaCursors,
	#superclass : #Object,
	#category : 'VistaCursors-Base'
}

{ #category : #'class initialization' }
VistaCursors class >> initialize [
	Smalltalk os isWin32 ifFalse: [ ^UIManager default inform: 'Vista Cursor only works on Windows' ].
	self set 
]

{ #category : #operating }
VistaCursors class >> reset [
	Cursor initialize
]

{ #category : #operating }
VistaCursors class >> set [
	
	self setMoveCursor;
        setResizeLeftCursor;
        setResizeTopCursor;
        setResizeTopLeftCursor;
        setResizeTopRightCursor;
        setNormalCursor 	
]

{ #category : #cursors }
VistaCursors class >> setMoveCursor [

	|form cursor|
	form := (Form
	extent: 23@23
	depth: 32
	fromArray: #( 0 0 0 0 0 0 0 0 0 0 922945050 3171091994 922945050 0 0 0 0 0 0 0 0 0 0 0 0 0 0 0 0 0 0 0 922945050 3171091994 4293256936 3171091994 922945050 0 0 0 0 0 0 0 0 0 0 0 0 0 0 0 0 0 922945050 3171091994 4293256936 4294967295 4293191143 3171091994 922945050 0 0 0 0 0 0 0 0 0 0 0 0 0 0 0 922945050 3171091994 4293256936 4294967295 4294901502 4294901502 4293190886 3171091994 922945050 0 0 0 0 0 0 0 0 0 0 0 0 0 0 3171091994 4293256936 4294967295 4294901502 4294901502 4294835709 4294769916 4293125093 3171091994 0 0 0 0 0 0 0 0 0 0 0 0 0 0 3171091994 4278388250 4278388250 3171091994 4294835709 3171091994 4278388250 4278388250 3171091994 0 0 0 0 0 0 0 0 0 0 0 0 0 0 0 0 0 3171091994 4294769916 3171091994 0 0 0 0 0 0 0 0 0 0 0 0 0 922945050 3171091994 3171091994 0 0 0 0 3171091994 4294769916 3171091994 0 0 0 0 3171091994 3171091994 922945050 0 0 0 0 0 922945050 3171091994 4293256936 4278388250 0 0 0 0 3171091994 4294704123 3171091994 0 0 0 0 4278388250 4292664799 3171091994 922945050 0 0 0 922945050 3171091994 4293256936 4294967295 4278388250 0 0 0 0 3171091994 4294638330 3171091994 0 0 0 0 4278388250 4294243572 4292532956 3171091994 922945050 0 922945050 3171091994 4293256936 4294967295 4294901502 3171091994 3171091994 3171091994 3171091994 3171091994 3171091994 4294572537 3171091994 3171091994 3171091994 3171091994 3171091994 3171091994 4294111986 4294046193 4292401370 3171091994 922945050 3171091994 4293256936 4294967295 4294901502 4294901502 4294835709 4294769916 4294769916 4294704123 4294638330 4294572537 4294506744 4294440951 4294375158 4294375158 4294309365 4294243572 4294111986 4294046193 4293980400 4293914607 4292269784 3171091994 922945050 3171091994 4293191143 4294901502 4294835709 3171091994 3171091994 3171091994 3171091994 3171091994 3171091994 4294440951 3171091994 3171091994 3171091994 3171091994 3171091994 3171091994 4293980400 4293914607 4292269784 3171091994 922945050 0 922945050 3171091994 4293190886 4294769916 4278388250 0 0 0 0 3171091994 4294375158 3171091994 0 0 0 0 4278388250 4293914607 4292269784 3171091994 922945050 0 0 0 922945050 3171091994 4293125093 4278388250 0 0 0 0 3171091994 4294375158 3171091994 0 0 0 0 4278388250 4292269784 3171091994 922945050 0 0 0 0 0 922945050 3171091994 3171091994 0 0 0 0 3171091994 4294309365 3171091994 0 0 0 0 3171091994 3171091994 922945050 0 0 0 0 0 0 0 0 0 0 0 0 0 3171091994 4294243572 3171091994 0 0 0 0 0 0 0 0 0 0 0 0 0 0 0 0 0 3171091994 4278388250 4278388250 3171091994 4294111986 3171091994 4278388250 4278388250 3171091994 0 0 0 0 0 0 0 0 0 0 0 0 0 0 3171091994 4292664799 4294243572 4294111986 4294046193 4293980400 4293914607 4292269784 3171091994 0 0 0 0 0 0 0 0 0 0 0 0 0 0 922945050 3171091994 4292532956 4294046193 4293980400 4293914607 4292269784 3171091994 922945050 0 0 0 0 0 0 0 0 0 0 0 0 0 0 0 922945050 3171091994 4292401370 4293914607 4292269784 3171091994 922945050 0 0 0 0 0 0 0 0 0 0 0 0 0 0 0 0 0 922945050 3171091994 4292269784 3171091994 922945050 0 0 0 0 0 0 0 0 0 0 0 0 0 0 0 0 0 0 0 922945050 3171091994 922945050 0 0 0 0 0 0 0 0 0 0)
	offset: 0@0).
	form := form magnifyBy: VistaCursorSettings cursorScaleFactor.
	cursor := Cursor extent: form extent depth: 32.
	cursor offset: (form width // 2) negated @ (form height // 2) negated.
	cursor bits: form bits.
	Cursor classPool at: #MoveCursor put: cursor.
	cursor beCursor
]

{ #category : #cursors }
VistaCursors class >> setNormalCursor [

	|form cursor|
	form := (Form
	extent: 12@19
	depth: 32
	fromArray: #( 3875735066 922945050 0 0 0 0 0 0 0 0 0 0 3875735066 3171091994 922945050 0 0 0 0 0 0 0 0 0 3875735066 4293256936 3171091994 922945050 0 0 0 0 0 0 0 0 3875735066 4294967295 4293256936 3171091994 922945050 0 0 0 0 0 0 0 3875735066 4294967295 4294967295 4293256936 3171091994 922945050 0 0 0 0 0 0 3875735066 4294967295 4294967295 4294967295 4293256936 3171091994 922945050 0 0 0 0 0 3875735066 4294967295 4294967295 4294967295 4294967295 4293256936 3171091994 922945050 0 0 0 0 3875735066 4294967295 4294967295 4294967295 4294967295 4294835709 4293059300 3171091994 922945050 0 0 0 3875735066 4294967295 4294967295 4294967295 4294835709 4294704123 4294506744 4292664799 3171091994 922945050 0 0 3875735066 4294967295 4294967295 4294835709 4294704123 4294506744 4294309365 4294046193 4292269784 3171091994 922945050 0 3875735066 4294967295 4294835709 4294704123 4294506744 4294309365 4294046193 4293848814 4293585642 4291809233 3171091994 922945050 3875735066 4294835709 4294704123 4294506744 4294309365 4294046193 4293848814 4293585642 4293322470 4293059298 4291414475 3171091994 3875735066 4294704123 4294506744 4294309365 4292467163 4293848814 4293585642 3171091994 3171091994 3171091994 3171091994 3171091994 3875735066 4294506744 4294309365 4292467163 4093838874 4288980395 4293322470 3154314778 1292043802 0 0 0 3875735066 4294309365 4292467163 4093838874 922945050 3540190746 4293059298 4291414475 3540190746 0 0 0 3875735066 4292467163 4093838874 922945050 0 3020097050 4289769653 4292598747 3020097050 1292043802 0 0 3171091994 4093838874 922945050 0 0 922945050 3607299610 4292401368 4290822338 3506636314 0 0 0 0 0 0 0 0 3020097050 4290822338 4292072403 3422750234 0 0 0 0 0 0 0 0 436405786 3607299610 2650998298 822281754 0 0)
	offset: 0@0).
	form := form magnifyBy: VistaCursorSettings cursorScaleFactor.
	cursor := Cursor extent: form extent depth: 32.
	cursor offset: 0@0.
	cursor bits: form bits.
	Cursor classPool at: #NormalCursor put: cursor.
	HandMorph classPool at: #NormalCursor put: form.
	cursor beCursor
]

{ #category : #cursors }
VistaCursors class >> setResizeLeftCursor [

	|form cursor factor |
	form := (Form
	extent: 23@9
	depth: 32
	fromArray: #( 0 0 0 922945050 3171091994 3171091994 0 0 0 0 0 0 0 0 0 0 0 3171091994 3171091994 922945050 0 0 0 0 0 922945050 3171091994 4293256936 4278388250 0 0 0 0 0 0 0 0 0 0 0 4278388250 4292269784 3171091994 922945050 0 0 0 922945050 3171091994 4293256936 4294967295 4278388250 0 0 0 0 0 0 0 0 0 0 0 4278388250 4293717228 4292006612 3171091994 922945050 0 922945050 3171091994 4293256936 4294967295 4294967295 3171091994 3171091994 3171091994 3171091994 3171091994 3171091994 3171091994 3171091994 3171091994 3171091994 3171091994 3171091994 3171091994 4293519849 4293388263 4291809233 3171091994 922945050 3171091994 4293256936 4294967295 4294967295 4294967295 4294967295 4294967295 4294967295 4294967295 4294901502 4294769916 4294638330 4294440951 4294309365 4294046193 4293848814 4293717228 4293519849 4293388263 4293322470 4293322470 4291809233 3171091994 922945050 3171091994 4293256936 4294967295 4294967295 3171091994 3171091994 3171091994 3171091994 3171091994 3171091994 3171091994 3171091994 3171091994 3171091994 3171091994 3171091994 3171091994 4293322470 4293322470 4291809233 3171091994 922945050 0 922945050 3171091994 4293256936 4294967295 4278388250 0 0 0 0 0 0 0 0 0 0 0 4278388250 4293322470 4291809233 3171091994 922945050 0 0 0 922945050 3171091994 4293256936 4278388250 0 0 0 0 0 0 0 0 0 0 0 4278388250 4291809233 3171091994 922945050 0 0 0 0 0 922945050 3171091994 3171091994 0 0 0 0 0 0 0 0 0 0 0 3171091994 3171091994 922945050 0 0 0)
	offset: 0@0).
	
	factor := VistaCursorSettings cursorScaleFactor.
	form := form magnifyBy: factor.
	cursor := Cursor extent: form extent depth: 32.
	cursor offset: (form width // 2) negated @ (5 * factor) negated.
	cursor bits: form bits.
	Cursor classPool at: #ResizeLeftCursor put: cursor.
	cursor beCursor
]

{ #category : #cursors }
VistaCursors class >> setResizeTopCursor [

	|form cursor factor |
	form := (Form
	extent: 9@23
	depth: 32
	fromArray: #( 0 0 0 922945050 3171091994 922945050 0 0 0 0 0 922945050 3171091994 4293256936 3171091994 922945050 0 0 0 922945050 3171091994 4293256936 4294967295 4293256936 3171091994 922945050 0 922945050 3171091994 4293256936 4294967295 4294967295 4294967295 4293256936 3171091994 922945050 3171091994 4293256936 4294967295 4294967295 4294967295 4294967295 4294967295 4293256936 3171091994 3171091994 4278388250 4278388250 3171091994 4294967295 3171091994 4278388250 4278388250 3171091994 0 0 0 3171091994 4294967295 3171091994 0 0 0 0 0 0 3171091994 4294967295 3171091994 0 0 0 0 0 0 3171091994 4294967295 3171091994 0 0 0 0 0 0 3171091994 4294901502 3171091994 0 0 0 0 0 0 3171091994 4294769916 3171091994 0 0 0 0 0 0 3171091994 4294638330 3171091994 0 0 0 0 0 0 3171091994 4294440951 3171091994 0 0 0 0 0 0 3171091994 4294309365 3171091994 0 0 0 0 0 0 3171091994 4294046193 3171091994 0 0 0 0 0 0 3171091994 4293848814 3171091994 0 0 0 0 0 0 3171091994 4293717228 3171091994 0 0 0 3171091994 4278388250 4278388250 3171091994 4293519849 3171091994 4278388250 4278388250 3171091994 3171091994 4292269784 4293717228 4293519849 4293388263 4293322470 4293322470 4291809233 3171091994 922945050 3171091994 4292006612 4293388263 4293322470 4293322470 4291809233 3171091994 922945050 0 922945050 3171091994 4291809233 4293322470 4291809233 3171091994 922945050 0 0 0 922945050 3171091994 4291809233 3171091994 922945050 0 0 0 0 0 922945050 3171091994 922945050 0 0 0)
	offset: 0@0).
	
	factor := VistaCursorSettings cursorScaleFactor.	
	form := form magnifyBy: VistaCursorSettings cursorScaleFactor.
	cursor := Cursor extent: form extent depth: 32.
	cursor offset: (5 * factor) negated @ (form height // 2) negated.
	cursor bits: form bits.
	Cursor classPool at: #ResizeTopCursor put: cursor.
	cursor beCursor
]

{ #category : #cursors }
VistaCursors class >> setResizeTopLeftCursor [

	|form cursor|
	form := (Form
	extent: 17@17
	depth: 32
	fromArray: #( 2265122330 4077061658 4077061658 4077061658 4077061658 4077061658 2265122330 0 0 0 0 0 0 0 0 0 0 4077061658 4294967295 4294967295 4294967295 4294967295 4291414478 4093838874 0 0 0 0 0 0 0 0 0 0 4077061658 4294967295 4294967295 4294967295 4291414478 4093838874 922945050 0 0 0 0 0 0 0 0 0 0 4077061658 4294967295 4294967295 4294967295 2650998298 1258489370 0 0 0 0 0 0 0 0 0 0 0 4077061658 4294967295 4291414478 2650998298 4294967295 2650998298 1258489370 0 0 0 0 0 0 0 0 0 0 4077061658 4291414478 4093838874 1258489370 2650998298 4294967295 2650998298 1258489370 0 0 0 0 0 0 0 0 0 2265122330 4093838874 922945050 0 1258489370 2650998298 4294835709 2650998298 1258489370 0 0 0 0 0 0 0 0 0 0 0 0 0 1258489370 2650998298 4294704123 2650998298 1258489370 0 0 0 0 0 0 0 0 0 0 0 0 0 1258489370 2650998298 4294572537 2650998298 1258489370 0 0 0 0 0 0 0 0 0 0 0 0 0 1258489370 2650998298 4294375158 2650998298 1258489370 0 0 0 0 0 0 0 0 0 0 0 0 0 1258489370 2650998298 4294177779 2650998298 1258489370 0 922945050 4093838874 2265122330 0 0 0 0 0 0 0 0 0 1258489370 2650998298 4293980400 2650998298 1258489370 4093838874 4290362046 4077061658 0 0 0 0 0 0 0 0 0 0 1258489370 2650998298 4293848814 2650998298 4290362046 4293585642 4077061658 0 0 0 0 0 0 0 0 0 0 0 1258489370 2650998298 4293651435 4293585642 4293519849 4077061658 0 0 0 0 0 0 0 0 0 0 922945050 4093838874 4290362046 4293585642 4293519849 4293454056 4077061658 0 0 0 0 0 0 0 0 0 0 4093838874 4290362046 4293585642 4293519849 4293454056 4293388263 4077061658 0 0 0 0 0 0 0 0 0 0 2265122330 4077061658 4077061658 4077061658 4077061658 4077061658 2265122330)
	offset: 0@0).
	
	form := form magnifyBy: VistaCursorSettings cursorScaleFactor.	
	cursor := Cursor extent: form extent depth: 32.
	cursor offset: (form width // 2) negated @ (form height // 2) negated.
	cursor bits: form bits.
	Cursor classPool at: #ResizeTopLeftCursor put: cursor.
	cursor beCursor
]

{ #category : #cursors }
VistaCursors class >> setResizeTopRightCursor [

	|form cursor|
	form := (Form
	extent: 17@17
	depth: 32
	fromArray: #( 0 0 0 0 0 0 0 0 0 0 2265122330 4077061658 4077061658 4077061658 4077061658 4077061658 2265122330 0 0 0 0 0 0 0 0 0 0 4093838874 4291414478 4294967295 4294967295 4294901502 4294901502 4077061658 0 0 0 0 0 0 0 0 0 0 922945050 4093838874 4291414478 4294901502 4294835709 4294769916 4077061658 0 0 0 0 0 0 0 0 0 0 0 1258489370 2650998298 4294835709 4294769916 4294704123 4077061658 0 0 0 0 0 0 0 0 0 0 1258489370 2650998298 4294769916 2650998298 4291151306 4294572537 4077061658 0 0 0 0 0 0 0 0 0 1258489370 2650998298 4294704123 2650998298 1258489370 4093838874 4290954183 4077061658 0 0 0 0 0 0 0 0 1258489370 2650998298 4294638330 2650998298 1258489370 0 922945050 4093838874 2265122330 0 0 0 0 0 0 0 1258489370 2650998298 4294572537 2650998298 1258489370 0 0 0 0 0 0 0 0 0 0 0 1258489370 2650998298 4294506744 2650998298 1258489370 0 0 0 0 0 0 0 0 0 0 0 1258489370 2650998298 4294506744 2650998298 1258489370 0 0 0 0 0 0 0 2265122330 4093838874 922945050 0 1258489370 2650998298 4294440951 2650998298 1258489370 0 0 0 0 0 0 0 0 4077061658 4291151306 4093838874 1258489370 2650998298 4294375158 2650998298 1258489370 0 0 0 0 0 0 0 0 0 4077061658 4294506744 4290954183 2650998298 4294309365 2650998298 1258489370 0 0 0 0 0 0 0 0 0 0 4077061658 4294375158 4294309365 4294243572 2650998298 1258489370 0 0 0 0 0 0 0 0 0 0 0 4077061658 4294243572 4294111986 4294046193 4290625218 4093838874 922945050 0 0 0 0 0 0 0 0 0 0 4077061658 4294046193 4293980400 4293914607 4293848814 4290493375 4093838874 0 0 0 0 0 0 0 0 0 0 2265122330 4077061658 4077061658 4077061658 4077061658 4077061658 2265122330 0 0 0 0 0 0 0 0 0 0)
	offset: 0@0).
	
	form := form magnifyBy: VistaCursorSettings cursorScaleFactor.
	cursor := Cursor extent: form extent depth: 32.
	cursor offset: (form width // 2) negated @ (form height // 2) negated.
	cursor bits: form bits.
	Cursor classPool at: #ResizeTopRightCursor put: cursor.
	cursor beCursor
]
